[13.7000, 16.9000, 19., 20.6000, 21.6000, 22.2000, 23.3000, 24.6000, 27.6000, 33.6000, 37., 39.5000, 41.6000, 44.3000, 46.0000, 48.2000, 50.6000, 51.7000, 53.7000, 55.8000, 57.2000, 58.2000, 59.7000, 61.0000, 62.4000, 64., 65.6000, 66.8000, 68.8000, 70.1000, 71., 72.6000, 73.1000, 74.3000, 75., 75.9000, 76.2000, 76.6000, 77.2000, 78., 79., 79., 79.5000, 80.1000, 80.2000, 81.5000, 81.4000, 82.5000, 82.6000, 83.2000, 83.9000, 83.6000, 84.2000, 84.6000, 84.4000, 85.1000, 84.7000, 85.6000, 85.5000, 86.4000, 86.2000, 86.5000, 86.5000, 86.6000, 86.7000, 86.6000, 87.1000, 87.1000, 86.8000, 87.8000, 87.6000, 87.5000, 87.6000, 87.7000, 87.2000, 87.3000, 87.4000, 88.0000, 87.8000, 87.6000, 87.9000, 88.2000, 87.8000, 88.1000, 88.1000, 87.6000, 87.7000, 87.3000, 87.4000, 87.9000, 87.8000, 87.7000, 87.9000, 88.0000, 87.8000, 87.7000, 87.6000, 88.0000, 88.1000, 87.9000]
[2.3056, 2.2992, 2.2935, 2.2878, 2.2822, 2.2764, 2.2702, 2.2633, 2.2560, 2.2475, 2.2379, 2.2271, 2.2145, 2.2000, 2.1826, 2.1620, 2.1381, 2.1096, 2.0765, 2.0395, 1.9981, 1.9515, 1.9011, 1.8506, 1.7978, 1.7462, 1.6922, 1.6438, 1.5957, 1.5519, 1.5125, 1.4778, 1.4426, 1.4119, 1.3852, 1.3597, 1.3413, 1.3247, 1.3059, 1.2940, 1.2757, 1.2655, 1.2611, 1.2431, 1.2342, 1.2225, 1.2216, 1.2075, 1.2048, 1.1924, 1.1967, 1.1978, 1.1835, 1.1799, 1.1809, 1.1700, 1.1687, 1.1564, 1.1624, 1.1545, 1.1478, 1.1515, 1.1495, 1.1429, 1.1222, 1.1404, 1.1355, 1.1324, 1.1233, 1.1151, 1.1161, 1.1094, 1.1072, 1.0903, 1.1022, 1.0948, 1.1011, 1.0904, 1.0904, 1.0742, 1.0768, 1.0811, 1.0777, 1.0687, 1.0660, 1.0712, 1.0714, 1.0594, 1.0701, 1.0551, 1.0558, 1.0625, 1.0560, 1.0554, 1.0550, 1.0529, 1.0277, 1.0364, 1.0373, 1.0281]

[8.7000, 12.9000, 17.2000, 25.5000, 34.4000, 42.1000, 48.1000, 51.2000, 53.9000, 55.7000, 56.6000, 57.1000, 56.6000, 58.2000, 59.4000, 60.4000, 61.2000, 63.0000, 64.2000, 66.3000, 68.3000, 71.3000, 72.7000, 73.5000, 74.5000, 75.7000, 76.1000, 77.2000, 78.2000, 79.5000, 80., 80.6000, 81.2000, 82.0000, 82.3000, 82.6000, 83.2000, 83.2000, 83.4000, 83.4000, 83.7000, 84.6000, 84.7000, 85.5000, 85.3000, 86.2000, 86.6000, 86.5000, 86.1000, 87.0000, 87.0000, 87.4000, 86.9000, 87.3000, 87.3000, 87.0000, 87.4000, 87.3000, 87.8000, 87.9000, 88.0000, 88.5000, 88.1000, 88.7000, 88.6000, 88.7000, 88.9000, 89.4000, 88.8000, 88.6000, 89.2000, 89.1000, 88.7000, 89.3000, 89.2000, 89.7000, 89.4000, 89.2000, 89.4000, 89.2000, 89.7000, 89.5000, 89.5000, 89.4000, 89.6000, 89.8000, 89.8000, 89.8000, 89.9000, 90.3000, 90.0000, 90.0000, 90.2000, 90.2000, 90.4000, 90.7000, 90.2000, 90.1000, 90.5000, 90.0000]
[2.2974, 2.2869, 2.2766, 2.2659, 2.2545, 2.2418, 2.2276, 2.2112, 2.1918, 2.1691, 2.1423, 2.1122, 2.0759, 2.0368, 1.9923, 1.9442, 1.8944, 1.8441, 1.7919, 1.7426, 1.6906, 1.6429, 1.5985, 1.5574, 1.5158, 1.4828, 1.4527, 1.4219, 1.3954, 1.3716, 1.3489, 1.3287, 1.3048, 1.2939, 1.2775, 1.2658, 1.2489, 1.2374, 1.2291, 1.2167, 1.2073, 1.1966, 1.2024, 1.1840, 1.1853, 1.1661, 1.1718, 1.1554, 1.1476, 1.1430, 1.1479, 1.1345, 1.1438, 1.1277, 1.1356, 1.1184, 1.1189, 1.1089, 1.1092, 1.0996, 1.1008, 1.0961, 1.0948, 1.0743, 1.0733, 1.0729, 1.0697, 1.0618, 1.0675, 1.0628, 1.0593, 1.0638, 1.0561, 1.0410, 1.0576, 1.0409, 1.0455, 1.0457, 1.0315, 1.0420, 1.0242, 1.0273, 1.0187, 1.0431, 1.0146, 1.0136, 1.0096, 1.0073, 0.9985, 1.0002, 1.0033, 1.0036, 0.9955, 0.9937, 0.9797, 0.9815, 0.9922, 0.9873, 0.9853, 0.9890]

[12.2000, 16.9000, 20., 25.8000, 35., 40.4000, 44.5000, 47.3000, 50.5000, 51.8000, 54.2000, 56.3000, 58.3000, 59.5000, 60.9000, 64.3000, 66.5000, 68.5000, 69.7000, 71.7000, 72.8000, 73.9000, 75.1000, 76.2000, 76.2000, 78.1000, 78.5000, 79.3000, 80., 81.6000, 81.2000, 82.0000, 83.1000, 83.8000, 84.2000, 84.0000, 84.1000, 85.0000, 84.6000, 84.5000, 84.8000, 85.7000, 85.3000, 85.6000, 85.8000, 85.8000, 86.2000, 86.2000, 86.1000, 85.8000, 86.0000, 85.4000, 85.7000, 86.3000, 85.6000, 85.6000, 85.9000, 85.6000, 85.7000, 86.1000, 85.7000, 86.3000, 86.5000, 85.6000, 86.6000, 85.9000, 86.6000, 86.6000, 86.5000, 87.4000, 86.9000, 86.6000, 87.2000, 86.9000, 87.2000, 87.0000, 87.6000, 87.0000, 86.8000, 87.3000, 86.9000, 87.3000, 87.5000, 87.7000, 87.6000, 86.9000, 87.5000, 87.6000, 87.7000, 87.7000, 87.7000, 87.7000, 88.0000, 87.9000, 87.7000, 87.7000, 88.0000, 87.8000, 87.9000, 88.5000]
[2.2972, 2.2851, 2.2728, 2.2595, 2.2446, 2.2284, 2.2103, 2.1895, 2.1654, 2.1370, 2.1043, 2.0678, 2.0255, 1.9807, 1.9316, 1.8788, 1.8256, 1.7731, 1.7224, 1.6680, 1.6239, 1.5781, 1.5376, 1.5021, 1.4656, 1.4384, 1.4055, 1.3802, 1.3602, 1.3395, 1.3241, 1.3039, 1.2880, 1.2737, 1.2634, 1.2565, 1.2335, 1.2306, 1.2176, 1.2226, 1.2057, 1.1991, 1.1886, 1.1875, 1.1792, 1.1727, 1.1668, 1.1668, 1.1517, 1.1565, 1.1434, 1.1395, 1.1379, 1.1243, 1.1346, 1.1353, 1.1151, 1.1143, 1.0996, 1.1004, 1.1026, 1.0990, 1.0741, 1.0934, 1.0835, 1.0871, 1.0755, 1.0741, 1.0753, 1.0652, 1.0653, 1.0688, 1.0480, 1.0548, 1.0465, 1.0547, 1.0450, 1.0601, 1.0462, 1.0353, 1.0383, 1.0263, 1.0202, 1.0334, 1.0353, 1.0323, 1.0171, 1.0139, 1.0177, 1.0260, 1.0232, 1.0113, 1.0149, 0.9910, 1.0058, 1.0001, 0.9972, 0.9911, 0.9946, 0.9932]

[13.6000, 14.4000, 16.2000, 18.7000, 23.6000, 28.3000, 33.6000, 38.5000, 42.4000, 45.5000, 48.2000, 51.4000, 54.9000, 56.7000, 58.9000, 60.6000, 62.9000, 64.7000, 66.7000, 68.6000, 71.1000, 73.1000, 74.4000, 76.7000, 77.7000, 78.5000, 78.8000, 79.6000, 80.2000, 80.8000, 81.4000, 81.8000, 82.4000, 82.6000, 83.0000, 83.4000, 83.9000, 84.2000, 84.6000, 84.8000, 85.0000, 84.9000, 85.6000, 85.9000, 86.6000, 86.5000, 86.6000, 86.7000, 87.0000, 86.9000, 87.3000, 87.6000, 87.2000, 87.9000, 88.2000, 88.3000, 88.1000, 88.2000, 88.1000, 87.9000, 88.3000, 88.1000, 88.4000, 88.1000, 88.2000, 88.2000, 88.5000, 88.7000, 88.5000, 88.4000, 88.6000, 88.7000, 88.5000, 88.5000, 88.4000, 88.7000, 88.7000, 88.4000, 88.7000, 88.7000, 88.6000, 88.6000, 88.7000, 88.9000, 88.4000, 89.1000, 88.5000, 89.2000, 89.0000, 89.1000, 88.9000, 89.4000, 89.2000, 89.2000, 89.1000, 89.1000, 89.2000, 89.3000, 89.2000, 89.2000]
[2.3012, 2.2913, 2.2827, 2.2741, 2.2655, 2.2552, 2.2433, 2.2286, 2.2113, 2.1903, 2.1652, 2.1358, 2.1001, 2.0590, 2.0133, 1.9630, 1.9112, 1.8570, 1.8005, 1.7477, 1.6920, 1.6432, 1.5957, 1.5599, 1.5200, 1.4824, 1.4503, 1.4206, 1.3980, 1.3673, 1.3481, 1.3259, 1.3066, 1.2912, 1.2724, 1.2599, 1.2427, 1.2315, 1.2244, 1.2081, 1.1905, 1.1882, 1.1748, 1.1682, 1.1578, 1.1588, 1.1491, 1.1392, 1.1319, 1.1313, 1.1176, 1.1093, 1.1071, 1.1116, 1.0948, 1.0930, 1.0842, 1.0798, 1.0776, 1.0791, 1.0730, 1.0691, 1.0620, 1.0699, 1.0570, 1.0498, 1.0434, 1.0436, 1.0396, 1.0466, 1.0406, 1.0429, 1.0241, 1.0287, 1.0245, 1.0138, 1.0076, 1.0180, 1.0167, 0.9985, 1.0177, 1.0100, 1.0091, 1.0067, 0.9938, 0.9962, 0.9889, 1.0041, 0.9911, 1.0014, 0.9712, 0.9859, 0.9746, 0.9958, 0.9781, 0.9585, 0.9626, 0.9682, 0.9656, 0.9594]

[16.4000, 19., 21.7000, 25.2000, 30.5000, 35.1000, 39., 42.9000, 45.3000, 47.5000, 49.8000, 52.2000, 55.7000, 58.6000, 61.7000, 65.3000, 68.2000, 71., 72.8000, 73.8000, 75.5000, 76.5000, 77.2000, 78.1000, 79., 79.5000, 80.2000, 81.3000, 81.8000, 82.3000, 82.6000, 83.1000, 83.4000, 83.8000, 84.1000, 85.1000, 85.1000, 85.4000, 85.6000, 85.6000, 85.6000, 85.5000, 85.5000, 85.5000, 85.9000, 86.1000, 85.9000, 86.0000, 86.0000, 86.6000, 86.8000, 86.2000, 86.6000, 86.3000, 86.3000, 86.3000, 86.5000, 86.3000, 86.7000, 86.7000, 86.5000, 86.8000, 86.8000, 87.0000, 86.9000, 87.1000, 87.2000, 87.1000, 86.7000, 86.6000, 87.1000, 87.1000, 86.6000, 87.0000, 86.7000, 87.2000, 86.9000, 87.5000, 87.2000, 87.2000, 86.9000, 87.3000, 87.6000, 87.4000, 87.7000, 88.0000, 87.9000, 88.1000, 87.7000, 88.1000, 87.9000, 88.4000, 88.3000, 88.0000, 88.3000, 88.4000, 88.5000, 88.5000, 88.4000, 88.6000]
[2.2880, 2.2757, 2.2630, 2.2490, 2.2328, 2.2141, 2.1913, 2.1637, 2.1318, 2.0941, 2.0522, 2.0044, 1.9528, 1.8979, 1.8394, 1.7827, 1.7270, 1.6694, 1.6194, 1.5686, 1.5245, 1.4788, 1.4449, 1.4125, 1.3885, 1.3642, 1.3424, 1.3248, 1.3011, 1.2742, 1.2651, 1.2528, 1.2268, 1.2258, 1.2106, 1.2053, 1.1976, 1.1785, 1.1711, 1.1621, 1.1603, 1.1414, 1.1423, 1.1362, 1.1244, 1.1194, 1.1107, 1.1132, 1.1038, 1.1010, 1.0869, 1.0925, 1.0711, 1.0801, 1.0711, 1.0531, 1.0551, 1.0559, 1.0488, 1.0516, 1.0435, 1.0431, 1.0397, 1.0314, 1.0304, 1.0237, 1.0202, 1.0166, 1.0167, 1.0155, 1.0116, 1.0117, 1.0036, 1.0091, 0.9980, 0.9833, 0.9943, 0.9797, 0.9869, 0.9911, 0.9856, 0.9821, 0.9708, 0.9885, 0.9717, 0.9731, 0.9603, 0.9527, 0.9698, 0.9612, 0.9612, 0.9559, 0.9682, 0.9528, 0.9621, 0.9452, 0.9458, 0.9351, 0.9385, 0.9487]
