[10.9000, 12.2000, 14.1000, 15.3000, 19.9000, 30.8000, 46.1000, 56.3000, 64.7000, 69.1000, 72.7000, 74.9000, 75.9000, 77.3000, 78.5000, 79.6000, 80., 80.7000, 81.4000, 82.2000, 83.1000, 83.7000, 83.7000, 85.1000, 85.4000, 85.2000, 86.0000, 86.2000, 86.7000, 86.9000, 87.1000, 87.0000, 87.5000, 87.8000, 87.6000, 87.8000, 88.2000, 88.5000, 88.7000, 88.9000, 89.6000, 89.3000, 89.6000, 89.9000, 89.6000, 89.9000, 89.5000, 90.0000, 90.0000, 89.7000, 89.7000, 89.9000, 90.1000, 89.9000, 90.1000, 89.9000, 90.0000, 90.1000, 89.8000, 90.1000, 90.4000, 90.3000, 90.5000, 90.6000, 90.5000, 90.4000, 90.5000, 90.6000, 90.8000, 90.8000, 90.8000, 90.8000, 90.8000, 90.9000, 90.9000, 90.8000, 90.8000, 90.9000, 90.9000, 90.9000, 91.0000, 91.1000, 91.1000, 91.0000, 91.1000, 91.1000, 91.1000, 91.1000, 91.2000, 91.1000, 91.0000, 91.2000, 91.4000, 91.2000, 91.2000, 91.2000, 91.1000, 91.2000, 91.2000, 91.3000]
[2.2934, 2.2745, 2.2549, 2.2300, 2.1950, 2.1487, 2.0854, 1.9980, 1.8821, 1.7317, 1.5582, 1.3819, 1.2251, 1.0921, 0.9826, 0.8952, 0.8233, 0.7685, 0.7192, 0.6788, 0.6461, 0.6157, 0.5895, 0.5697, 0.5471, 0.5309, 0.5161, 0.5032, 0.4920, 0.4762, 0.4665, 0.4582, 0.4486, 0.4400, 0.4329, 0.4265, 0.4193, 0.4131, 0.4057, 0.4008, 0.3946, 0.3906, 0.3849, 0.3802, 0.3787, 0.3746, 0.3711, 0.3642, 0.3585, 0.3573, 0.3581, 0.3533, 0.3480, 0.3445, 0.3429, 0.3396, 0.3386, 0.3352, 0.3335, 0.3306, 0.3283, 0.3272, 0.3214, 0.3194, 0.3212, 0.3167, 0.3132, 0.3114, 0.3097, 0.3076, 0.3060, 0.3041, 0.3015, 0.2994, 0.2992, 0.2973, 0.2932, 0.2929, 0.2896, 0.2900, 0.2871, 0.2863, 0.2844, 0.2834, 0.2808, 0.2805, 0.2776, 0.2793, 0.2765, 0.2758, 0.2754, 0.2754, 0.2726, 0.2721, 0.2702, 0.2688, 0.2685, 0.2679, 0.2657, 0.2643]

[18., 19.8000, 21.8000, 24.6000, 25.8000, 28.5000, 32., 37.1000, 44.6000, 52.0000, 59.2000, 63.7000, 68.2000, 71.2000, 74.1000, 77.2000, 78.7000, 80.1000, 80.5000, 81.7000, 82.8000, 83.4000, 83.8000, 84.1000, 84.4000, 84.8000, 85.3000, 85.7000, 86.0000, 86.9000, 86.8000, 87.6000, 87.3000, 87.5000, 87.4000, 87.9000, 87.9000, 87.9000, 88.5000, 88.6000, 88.7000, 88.8000, 89.2000, 89.5000, 89.3000, 89.5000, 89.8000, 89.8000, 90.1000, 90.1000, 90.7000, 90.7000, 90.8000, 91.2000, 91.2000, 91.1000, 91.3000, 91.4000, 91.4000, 91.4000, 91.4000, 91.6000, 91.6000, 91.7000, 91.7000, 91.7000, 91.8000, 91.9000, 92.1000, 92.3000, 92.0000, 91.9000, 92.0000, 92.2000, 92.3000, 92.4000, 92.4000, 92.5000, 92.2000, 92.4000, 92.7000, 92.5000, 92.5000, 92.8000, 92.6000, 92.8000, 92.8000, 92.8000, 92.7000, 92.9000, 93.0000, 93.0000, 93.0000, 92.9000, 93.0000, 93.1000, 93.1000, 93.2000, 93.1000, 93.1000]
[2.2919, 2.2824, 2.2724, 2.2609, 2.2467, 2.2286, 2.2041, 2.1703, 2.1219, 2.0524, 1.9539, 1.8302, 1.6705, 1.4942, 1.3162, 1.1481, 1.0082, 0.8953, 0.8086, 0.7362, 0.6798, 0.6349, 0.5971, 0.5655, 0.5411, 0.5186, 0.4983, 0.4835, 0.4644, 0.4482, 0.4370, 0.4241, 0.4134, 0.4050, 0.3957, 0.3883, 0.3795, 0.3743, 0.3657, 0.3577, 0.3513, 0.3447, 0.3397, 0.3331, 0.3295, 0.3251, 0.3198, 0.3162, 0.3120, 0.3081, 0.3031, 0.2994, 0.2967, 0.2932, 0.2905, 0.2892, 0.2852, 0.2816, 0.2801, 0.2776, 0.2759, 0.2734, 0.2721, 0.2701, 0.2684, 0.2656, 0.2622, 0.2614, 0.2583, 0.2570, 0.2560, 0.2548, 0.2527, 0.2503, 0.2484, 0.2484, 0.2456, 0.2437, 0.2442, 0.2434, 0.2421, 0.2393, 0.2381, 0.2367, 0.2352, 0.2344, 0.2341, 0.2321, 0.2314, 0.2292, 0.2287, 0.2272, 0.2268, 0.2250, 0.2240, 0.2235, 0.2234, 0.2226, 0.2205, 0.2200]

[15.7000, 23.6000, 29.7000, 37.1000, 44.9000, 50.6000, 56.2000, 61.2000, 64.5000, 66.7000, 69.8000, 73.9000, 76.3000, 78.9000, 80.1000, 80.9000, 81.1000, 82.0000, 82.0000, 82.4000, 83.3000, 84.4000, 84.5000, 85.0000, 85.7000, 86.3000, 86.9000, 87.2000, 87.6000, 88.0000, 88.1000, 88.2000, 88.5000, 88.7000, 88.9000, 89.4000, 89.3000, 89.7000, 89.8000, 90.0000, 90.0000, 90.4000, 90.6000, 90.4000, 90.7000, 90.9000, 90.9000, 91.1000, 91.2000, 91.2000, 91.4000, 91.5000, 91.6000, 91.7000, 92.0000, 91.7000, 92.0000, 92.2000, 92.2000, 92.3000, 92.5000, 92.5000, 92.5000, 92.5000, 92.7000, 92.5000, 92.7000, 92.7000, 92.8000, 92.9000, 92.9000, 93.0000, 92.8000, 93.1000, 93.2000, 93.4000, 93.3000, 93.3000, 93.4000, 93.4000, 93.2000, 93.1000, 93.3000, 93.4000, 93.4000, 93.5000, 93.4000, 93.2000, 93.2000, 93.5000, 93.4000, 93.3000, 93.5000, 93.5000, 93.6000, 93.9000, 93.8000, 93.8000, 94.0000, 93.7000]
[2.2818, 2.2620, 2.2412, 2.2162, 2.1864, 2.1467, 2.0925, 2.0166, 1.9120, 1.7768, 1.6131, 1.4295, 1.2583, 1.1008, 0.9730, 0.8736, 0.7956, 0.7274, 0.6769, 0.6313, 0.5982, 0.5671, 0.5396, 0.5191, 0.4999, 0.4803, 0.4635, 0.4488, 0.4351, 0.4240, 0.4130, 0.4025, 0.3925, 0.3830, 0.3758, 0.3670, 0.3594, 0.3530, 0.3463, 0.3402, 0.3336, 0.3287, 0.3213, 0.3189, 0.3135, 0.3079, 0.3056, 0.2989, 0.2948, 0.2931, 0.2890, 0.2855, 0.2808, 0.2776, 0.2758, 0.2720, 0.2683, 0.2667, 0.2628, 0.2612, 0.2570, 0.2551, 0.2532, 0.2510, 0.2494, 0.2477, 0.2459, 0.2447, 0.2422, 0.2400, 0.2375, 0.2357, 0.2351, 0.2308, 0.2301, 0.2275, 0.2257, 0.2250, 0.2234, 0.2221, 0.2210, 0.2200, 0.2194, 0.2167, 0.2151, 0.2132, 0.2130, 0.2122, 0.2126, 0.2099, 0.2095, 0.2082, 0.2060, 0.2060, 0.2042, 0.2033, 0.2027, 0.2008, 0.2003, 0.1990]

[14.2000, 29.8000, 40.9000, 47.9000, 54.7000, 61.7000, 67.3000, 71.7000, 76.2000, 79., 80.8000, 81.3000, 82.0000, 82.9000, 83.4000, 83.9000, 84.6000, 85.7000, 86.1000, 86.4000, 86.9000, 87.1000, 87.5000, 88.2000, 88.4000, 88.9000, 89.0000, 89.2000, 89.7000, 89.6000, 89.8000, 90.0000, 90.3000, 90.7000, 90.7000, 90.5000, 90.7000, 90.9000, 91.1000, 91.1000, 91.3000, 91.4000, 91.4000, 91.5000, 91.7000, 91.6000, 92.0000, 92.3000, 92.4000, 92.6000, 92.7000, 92.5000, 93.1000, 92.8000, 92.9000, 93.1000, 93.2000, 93.1000, 93.0000, 93.2000, 93.2000, 93.3000, 93.3000, 93.4000, 93.5000, 93.5000, 93.5000, 93.6000, 93.6000, 93.7000, 93.9000, 93.8000, 94.0000, 94.3000, 94.2000, 94.1000, 94.1000, 94.1000, 94.2000, 94.3000, 94.4000, 94.4000, 94.3000, 94.2000, 94.3000, 94.5000, 94.6000, 94.5000, 94.6000, 94.6000, 94.6000, 94.6000, 94.6000, 94.7000, 94.7000, 94.8000, 94.7000, 94.7000, 94.8000, 94.8000]
[2.2719, 2.2342, 2.1876, 2.1213, 2.0293, 1.9008, 1.7394, 1.5510, 1.3614, 1.1815, 1.0330, 0.9111, 0.8175, 0.7463, 0.6857, 0.6384, 0.5979, 0.5651, 0.5377, 0.5100, 0.4900, 0.4706, 0.4526, 0.4371, 0.4209, 0.4081, 0.3948, 0.3847, 0.3753, 0.3643, 0.3538, 0.3466, 0.3381, 0.3305, 0.3257, 0.3203, 0.3130, 0.3071, 0.2996, 0.2950, 0.2882, 0.2849, 0.2801, 0.2741, 0.2695, 0.2664, 0.2600, 0.2592, 0.2567, 0.2520, 0.2488, 0.2443, 0.2424, 0.2387, 0.2365, 0.2329, 0.2297, 0.2291, 0.2263, 0.2228, 0.2213, 0.2186, 0.2178, 0.2145, 0.2116, 0.2103, 0.2081, 0.2064, 0.2047, 0.2047, 0.2025, 0.2007, 0.1984, 0.1957, 0.1948, 0.1947, 0.1925, 0.1911, 0.1896, 0.1888, 0.1857, 0.1832, 0.1833, 0.1830, 0.1819, 0.1800, 0.1800, 0.1781, 0.1765, 0.1759, 0.1741, 0.1741, 0.1735, 0.1725, 0.1706, 0.1706, 0.1690, 0.1686, 0.1670, 0.1654]

[11.3000, 27.6000, 38.3000, 47.4000, 58.1000, 63.7000, 68.6000, 72.5000, 75., 75.9000, 77.5000, 78., 77.9000, 79.3000, 80., 81.1000, 82.1000, 82.9000, 83.4000, 83.6000, 84.4000, 84.5000, 84.7000, 84.5000, 84.8000, 84.7000, 85.2000, 85.3000, 85.9000, 86.3000, 87.1000, 87.5000, 87.8000, 87.9000, 88.3000, 88.3000, 88.5000, 88.7000, 88.7000, 88.8000, 89.0000, 89.1000, 89.1000, 89.3000, 89.7000, 89.5000, 89.9000, 90.0000, 90.0000, 90.2000, 90.3000, 90.3000, 90.3000, 90.5000, 90.7000, 91.0000, 90.9000, 91.2000, 91.3000, 91.3000, 91.2000, 91.6000, 91.7000, 91.9000, 91.7000, 92.1000, 92.1000, 92.2000, 92.2000, 92.1000, 92.2000, 92.3000, 92.3000, 92.6000, 92.6000, 92.6000, 92.8000, 92.6000, 92.5000, 92.8000, 93.0000, 93.1000, 93.1000, 92.8000, 93.2000, 93.1000, 93.0000, 93.0000, 93.4000, 93.4000, 93.3000, 93.5000, 93.6000, 93.7000, 93.7000, 93.6000, 93.7000, 93.8000, 93.7000, 93.7000]
[2.2850, 2.2537, 2.2195, 2.1752, 2.1164, 2.0337, 1.9166, 1.7596, 1.5690, 1.3729, 1.1895, 1.0403, 0.9239, 0.8351, 0.7622, 0.7031, 0.6580, 0.6227, 0.5892, 0.5642, 0.5390, 0.5212, 0.5015, 0.4838, 0.4679, 0.4557, 0.4421, 0.4286, 0.4190, 0.4074, 0.3976, 0.3873, 0.3783, 0.3719, 0.3645, 0.3596, 0.3514, 0.3468, 0.3392, 0.3333, 0.3279, 0.3231, 0.3175, 0.3148, 0.3099, 0.3049, 0.2994, 0.2960, 0.2941, 0.2889, 0.2839, 0.2822, 0.2789, 0.2751, 0.2716, 0.2694, 0.2668, 0.2639, 0.2629, 0.2603, 0.2590, 0.2552, 0.2525, 0.2515, 0.2486, 0.2467, 0.2441, 0.2430, 0.2401, 0.2395, 0.2364, 0.2335, 0.2337, 0.2323, 0.2297, 0.2287, 0.2260, 0.2260, 0.2251, 0.2230, 0.2218, 0.2206, 0.2191, 0.2190, 0.2157, 0.2162, 0.2149, 0.2147, 0.2122, 0.2112, 0.2103, 0.2106, 0.2078, 0.2074, 0.2064, 0.2048, 0.2039, 0.2042, 0.2020, 0.2016]
