[11.2000, 12.6000, 13.9000, 15.2000, 18.7000, 22.1000, 24.7000, 28.2000, 31.2000, 35.9000, 38.5000, 40.4000, 44.7000, 48.3000, 51.0000, 56.3000, 59.7000, 60.6000, 62.8000, 63.4000, 66.7000, 68.9000, 69.4000, 70.2000, 71.2000, 71.7000, 71.1000, 75.1000, 74.7000, 77.8000, 80.6000, 80.1000, 79.9000, 80.3000, 81.7000, 82.3000, 82.5000, 82.8000, 83.2000, 83.9000, 84.2000, 85.0000, 84.0000, 85.5000, 84.9000, 84.3000, 86.1000, 85.0000, 85.5000, 85.2000, 85.5000, 85.8000, 84.9000, 86.7000, 86.3000, 87.1000, 86.7000, 86.4000, 87.0000, 87.0000, 87.0000, 87.0000, 86.7000, 88.2000, 86.8000, 87.1000, 87.5000, 88.0000, 86.6000, 88.0000, 88.7000, 86.7000, 87.7000, 87.8000, 87.4000, 88.8000, 88.4000, 89.2000, 88.2000, 88.3000, 88.6000, 89.7000, 84.5000, 87.9000, 87.7000, 84.8000, 89.2000, 86.1000, 88.1000, 87.5000, 88.9000, 89.1000, 89.4000, 89.4000, 89.6000, 87.9000, 89.3000, 89.5000, 89.4000, 87.5000]
[2.2931, 2.2886, 2.2839, 2.2784, 2.2736, 2.2669, 2.2603, 2.2518, 2.2418, 2.2310, 2.2164, 2.2003, 2.1827, 2.1612, 2.1352, 2.1054, 2.0727, 2.0436, 1.9989, 1.9542, 1.9117, 1.8846, 1.8416, 1.7883, 1.7413, 1.6383, 1.6165, 1.5723, 1.4995, 1.4455, 1.4573, 1.4253, 1.3376, 1.3544, 1.2477, 1.2395, 1.3341, 1.3392, 1.3016, 1.2858, 1.2272, 1.1843, 1.3147, 1.2397, 1.2583, 1.2776, 1.1403, 1.3109, 1.2203, 1.2453, 1.2170, 1.2830, 1.3513, 1.0765, 1.1957, 0.8942, 1.0007, 1.1355, 1.0609, 1.1561, 1.0797, 1.1766, 1.1701, 0.9785, 1.1494, 1.1556, 1.1498, 1.0173, 1.2053, 1.0770, 1.0309, 1.2229, 1.1404, 1.0966, 1.1015, 0.9565, 1.0527, 0.8870, 1.1556, 1.1231, 1.0740, 0.9002, 1.3549, 1.1143, 1.1235, 1.3635, 0.9708, 1.2531, 1.1675, 1.1680, 1.0063, 0.9582, 0.9709, 0.8815, 0.9024, 1.1924, 1.0546, 0.9023, 0.8704, 1.1756]

[7.5000, 8.2000, 15.0000, 19.9000, 24.2000, 31.8000, 37.5000, 37.6000, 38.4000, 38.5000, 38.3000, 39.2000, 40.4000, 47.3000, 48.3000, 51.9000, 57.0000, 58.5000, 58.5000, 58.8000, 63.9000, 67.5000, 68.6000, 70.9000, 70., 72.7000, 74.4000, 74.7000, 76.1000, 77.4000, 76.4000, 78., 79.4000, 79.9000, 79.5000, 80.3000, 80.5000, 81.8000, 80.7000, 80.7000, 81.2000, 82.4000, 82.4000, 81.5000, 81.2000, 82.9000, 82.2000, 83.0000, 81.0000, 82.8000, 83.1000, 77.6000, 84.3000, 78.3000, 79.2000, 84.8000, 85.4000, 82.8000, 82.7000, 83.4000, 83.8000, 85.1000, 86.1000, 84.5000, 85.2000, 86.3000, 81.2000, 86.0000, 84.2000, 85.3000, 86.5000, 83.9000, 85.2000, 86.3000, 84.8000, 86.3000, 85.8000, 82.9000, 85.5000, 86.6000, 87.3000, 86.1000, 86.7000, 86.5000, 87.6000, 82.7000, 87.4000, 83.2000, 85.1000, 80.9000, 88.4000, 87.0000, 88.0000, 87.9000, 84.0000, 87.3000, 87.5000, 89.0000, 85.7000, 89.1000]
[2.3165, 2.3036, 2.2953, 2.2861, 2.2777, 2.2681, 2.2577, 2.2462, 2.2326, 2.2191, 2.1996, 2.1778, 2.1544, 2.1220, 2.0861, 2.0523, 2.0114, 1.9658, 1.9286, 1.8937, 1.8349, 1.7959, 1.7194, 1.6690, 1.6465, 1.6100, 1.6207, 1.6395, 1.5784, 1.4776, 1.5515, 1.4266, 1.4378, 1.3003, 1.3761, 1.3605, 1.3406, 1.2375, 1.3723, 1.3507, 1.3374, 1.2919, 1.2082, 1.3047, 1.3913, 1.2343, 1.2806, 1.1939, 1.3911, 1.2292, 1.1925, 1.5462, 1.0868, 1.4269, 1.3827, 1.1305, 1.0581, 1.3005, 1.2677, 1.2910, 1.2059, 1.0214, 0.9820, 1.1156, 1.0728, 1.0034, 1.3252, 1.0381, 1.1926, 1.0648, 1.0159, 1.1395, 1.0792, 1.0381, 1.0891, 1.0446, 1.0511, 1.3077, 1.1902, 1.0716, 1.0168, 1.1631, 1.0624, 1.0742, 0.9574, 1.3377, 1.0210, 1.3155, 1.1400, 1.4350, 0.9289, 1.0110, 0.9297, 0.9716, 1.2591, 0.9654, 1.0036, 0.8234, 1.1288, 0.7803]

[9.2000, 11.3000, 14.5000, 18.7000, 22.8000, 27.8000, 36.9000, 31.4000, 45.4000, 50.7000, 58.9000, 61.1000, 64.8000, 67., 69.9000, 72., 73., 74.8000, 74.5000, 76.2000, 74.5000, 75., 72.8000, 78.7000, 79.6000, 78.6000, 79.4000, 80.3000, 80.2000, 80., 81.0000, 82.2000, 80.8000, 81.3000, 82.0000, 83.5000, 83.4000, 83.1000, 82.4000, 83.7000, 82.7000, 84.4000, 84.4000, 82.9000, 84.3000, 85.4000, 84.0000, 84.4000, 83.9000, 85.8000, 85.2000, 86.0000, 84.6000, 85.4000, 86.8000, 86.0000, 87.0000, 83.0000, 86.8000, 87.1000, 85.6000, 86.6000, 87.3000, 86.8000, 84.3000, 87.5000, 85.6000, 86.2000, 87.5000, 86.3000, 85.3000, 84.6000, 87.5000, 87.4000, 87.2000, 88.2000, 86.2000, 88.2000, 88.1000, 88.0000, 88.6000, 89.2000, 84.6000, 88.5000, 88.3000, 86.2000, 89.4000, 87.1000, 88.1000, 85.9000, 89.6000, 86.7000, 88.4000, 89.5000, 89.1000, 88.1000, 89.6000, 89.9000, 89.3000, 89.5000]
[2.2968, 2.2826, 2.2712, 2.2579, 2.2449, 2.2275, 2.2148, 2.1980, 2.1766, 2.1554, 2.1200, 2.0810, 2.0494, 2.0012, 1.9595, 1.9013, 1.8595, 1.7976, 1.7551, 1.6680, 1.6529, 1.6310, 1.6140, 1.5287, 1.4742, 1.3833, 1.4491, 1.4452, 1.3469, 1.3376, 1.3796, 1.4016, 1.2037, 1.4027, 1.3084, 1.2167, 1.2513, 1.3655, 1.3757, 1.2295, 1.3011, 0.9917, 1.2111, 1.2304, 1.2806, 1.0725, 1.3485, 1.3028, 1.2818, 1.2208, 1.1080, 1.1036, 1.2141, 1.0600, 0.9576, 1.0492, 0.9469, 1.4519, 1.0501, 0.8663, 1.1158, 0.9243, 0.8845, 1.2337, 1.3532, 1.0555, 1.2583, 1.1398, 0.8893, 1.0908, 1.2258, 1.3044, 1.0277, 1.0708, 1.0153, 0.9657, 1.2078, 0.9266, 0.9493, 0.9910, 0.9721, 0.7200, 1.4021, 0.9258, 0.9680, 1.2448, 0.8626, 0.9667, 1.0439, 1.3071, 0.9119, 1.2427, 0.9388, 0.8233, 1.0092, 1.0418, 0.8811, 0.8126, 0.8619, 0.9126]

[10.4000, 11.0000, 13.6000, 14.5000, 15.7000, 17.7000, 19.4000, 22.2000, 30.1000, 36.2000, 41.3000, 44.4000, 48.2000, 51.6000, 55.4000, 55.6000, 58.5000, 59.9000, 63.6000, 64.8000, 66.4000, 67.4000, 67.5000, 69.8000, 69.4000, 71., 71.9000, 73.1000, 74.2000, 74.2000, 77.6000, 77.7000, 79.6000, 77.1000, 75.9000, 78.7000, 79.9000, 81.1000, 81.4000, 81.0000, 81.7000, 81.1000, 82.0000, 82.8000, 83.0000, 81.6000, 82.8000, 84.2000, 83.0000, 83.1000, 84.8000, 80.4000, 85.5000, 84.1000, 83.4000, 85.1000, 86.5000, 85.7000, 84.8000, 86.8000, 81.8000, 86.9000, 85.3000, 85.9000, 85.2000, 83.7000, 85.8000, 82.9000, 87.3000, 84.3000, 86.9000, 87.6000, 87.2000, 85.3000, 83.8000, 87.9000, 87.0000, 85.5000, 89.0000, 87.7000, 87.9000, 86.8000, 84.5000, 88.2000, 84.5000, 89.0000, 74.7000, 88.5000, 87.8000, 86.9000, 87.3000, 88.0000, 89.1000, 89.0000, 86.9000, 89.9000, 88.4000, 87.1000, 89.5000, 88.4000]
[2.2917, 2.2858, 2.2797, 2.2742, 2.2663, 2.2584, 2.2506, 2.2422, 2.2310, 2.2158, 2.2036, 2.1812, 2.1596, 2.1375, 2.1019, 2.0711, 2.0302, 1.9915, 1.9431, 1.9016, 1.8429, 1.7898, 1.7179, 1.6704, 1.6938, 1.6027, 1.5710, 1.4826, 1.5122, 1.4990, 1.3540, 1.4175, 1.3131, 1.3767, 1.4637, 1.2282, 1.2782, 1.1413, 1.2741, 1.1779, 1.2628, 1.2086, 1.1807, 1.1567, 1.1262, 1.3010, 1.2218, 1.0424, 1.1341, 1.2825, 1.1491, 1.4400, 1.0399, 1.2227, 1.3386, 1.0879, 1.0101, 1.1061, 1.1705, 0.9823, 1.4109, 1.0738, 1.1991, 1.0917, 1.2375, 1.2893, 1.1089, 1.3344, 0.9991, 1.1553, 1.0256, 0.8454, 1.0563, 1.1332, 1.3008, 0.8441, 1.0586, 1.1704, 0.8398, 0.9944, 0.9982, 1.1225, 1.2236, 1.0077, 1.2704, 0.8477, 1.6666, 0.9648, 1.0473, 1.1508, 1.1060, 1.0031, 0.8587, 0.8333, 1.1543, 0.7590, 0.9261, 1.0890, 0.8888, 1.0302]

[20.3000, 22.9000, 25.9000, 29.1000, 33.7000, 38.7000, 41.8000, 45.3000, 47.6000, 50.8000, 54.9000, 56.8000, 57.6000, 60.0000, 61.5000, 62.0000, 63.8000, 66.5000, 69.5000, 69., 68.5000, 70.8000, 72.4000, 72.7000, 70.9000, 74.5000, 74.3000, 75.1000, 75.5000, 75.7000, 77.5000, 78.1000, 78., 77.9000, 79., 78.3000, 79.8000, 79.4000, 79.4000, 80.9000, 82.4000, 82.4000, 81.7000, 83.5000, 83.3000, 82.3000, 84.0000, 82.9000, 83.2000, 82.8000, 78.8000, 84.9000, 84.9000, 83.8000, 86.5000, 81.8000, 84.9000, 84.5000, 85.4000, 84.5000, 83.5000, 85.1000, 86.7000, 84.6000, 77.5000, 84.2000, 83.6000, 86.3000, 86.9000, 85.9000, 86.2000, 85.7000, 86.5000, 86.2000, 85.7000, 86.2000, 87.4000, 88.6000, 86.3000, 87.6000, 86.2000, 87.0000, 85.8000, 87.8000, 88.6000, 88.1000, 87.2000, 88.3000, 87.0000, 87.4000, 84.9000, 86.8000, 88.2000, 87.8000, 86.0000, 88.9000, 84.6000, 88.2000, 85.7000, 89.2000]
[2.2881, 2.2742, 2.2572, 2.2422, 2.2242, 2.2012, 2.1805, 2.1559, 2.1271, 2.0924, 2.0457, 2.0100, 1.9615, 1.8936, 1.8380, 1.7695, 1.6913, 1.6467, 1.6276, 1.6009, 1.5757, 1.5248, 1.4627, 1.4327, 1.5170, 1.3752, 1.3379, 1.3110, 1.3232, 1.3442, 1.2450, 1.2389, 1.2901, 1.2214, 1.2176, 1.2198, 1.1785, 1.1727, 1.2622, 1.1202, 1.1478, 1.2744, 1.2928, 1.0424, 1.1024, 1.2248, 0.9538, 1.1522, 1.1756, 1.2746, 1.5183, 1.1269, 1.0715, 1.1604, 0.9614, 1.3565, 1.1419, 1.0403, 1.0131, 1.1690, 1.2387, 1.0363, 0.8758, 1.1063, 1.5252, 1.2128, 1.2346, 0.9330, 1.0328, 1.0939, 1.0501, 1.0446, 0.9145, 0.9057, 1.1699, 1.0588, 0.8532, 0.8092, 1.0073, 0.8418, 1.0488, 0.9991, 1.1680, 0.9760, 0.7825, 0.8801, 1.0775, 0.9495, 1.0822, 0.9506, 1.1847, 1.0386, 0.9705, 0.9909, 1.1867, 0.7665, 1.2329, 0.9031, 1.1804, 0.7016]
